0.000000 4.496905 0.214138
0.100000 -9.103180 -0.229543
0.200000 -9.089445 -0.651444
0.300000 8.159400 -0.231880
0.400000 5.900517 0.060139
0.500000 -8.198647 -0.333136
0.600000 -42.578835 -2.344836
0.700000 20.340693 -1.264573
0.800000 53.615208 1.348750
0.900000 -11.136793 0.754200
1.000000 -2.497028 0.599380
1.100000 -38.211540 -1.248759
1.200000 26.276848 0.061984
1.300000 34.282856 1.691549
1.400000 -31.920485 0.090976
1.500000 54.849548 2.698527
1.600000 -17.180933 1.751886
1.700000 0.615339 1.697765
1.800000 6.657310 1.933934
1.900000 -29.264191 0.448309
2.000000 30.083225 1.859496
2.100000 -6.303482 1.470783
2.200000 -3.100891 1.253084
2.300000 2.417974 1.308555
2.400000 2.161064 1.349151
2.500000 47.238117 3.534340
2.600000 -37.320019 1.588894
2.700000 47.971741 3.797601
2.799999 -27.954630 2.285590
2.899999 12.765689 2.784643
2.999999 34.954624 4.316547
3.099999 -57.844254 1.356509
3.199999 20.647749 2.275140
3.299999 -19.625101 1.232271
3.399999 -16.135954 0.405213
3.499999 38.146614 2.202422
3.599999 3.718586 2.274621
3.699999 40.866890 4.112348
3.799999 -13.998985 3.249904
3.899998 52.294186 5.585346
3.999998 -54.752510 2.712115
4.099998 8.780746 3.001098
4.199998 65.264198 5.966007
4.299998 -60.603867 2.796013
4.399998 32.942989 4.231584
4.499998 9.636965 4.488983
4.599998 21.059380 5.278050
4.699998 6.448860 5.333803
4.799998 -20.009632 4.126973
4.899998 26.526775 5.193631
4.999998 -27.410660 3.641046
5.099998 -16.368361 2.688217
5.199997 70.236351 5.904795
5.299997 -53.084679 3.095772
5.399997 45.302067 5.105596
5.499997 -35.753040 3.159947
5.599997 -1.349411 2.945216
5.699997 -1.359806 2.740215
5.799997 38.519783 4.444004
5.899997 11.092491 4.760599
5.999997 27.004471 5.819831
6.099997 20.817204 6.533992
6.199996 -4.966793 5.986336
6.299996 -7.736111 5.332887
6.399996 -30.027466 3.649060
6.499996 1.596146 3.551303
6.599996 53.979416 5.952642
6.699996 -19.052505 4.761921
6.799996 23.307781 5.645057
6.899996 -10.496883 4.876394
6.999996 44.005833 6.739701
7.099996 -33.593140 4.819089
7.199996 6.344337 4.891720
7.299995 21.397858 5.677727
7.399995 24.683914 6.582784
7.499995 8.052521 6.652772
7.599995 5.427399 6.594421
7.699995 -7.238121 5.935729
7.799995 4.754066 5.879459
7.899995 37.114143 7.366826
7.999995 -41.752357 5.027817
8.099995 18.678436 5.677847
8.199995 -5.884171 5.127275
8.299995 -1.497002 4.811833
8.399996 -2.981491 4.440723
8.499996 11.285553 4.766667
8.599997 -7.702065 4.172918
8.699997 64.480705 7.044718
8.799997 -10.180054 6.224491
8.899998 10.172043 6.412469
8.999998 33.674889 7.710680
9.099998 -16.419754 6.561613
9.199999 8.697701 6.663332
9.299999 -19.122581 5.435431
9.400000 19.383774 6.099638
9.500000 -10.733185 5.298075
9.600000 27.359848 6.348636
9.700001 19.872589 6.992634
9.800001 -27.152214 5.366689
9.900002 15.190239 5.834477
10.000002 32.346420 7.096951
10.100002 -45.700073 4.582807
10.200003 26.686783 5.635377
10.300003 -0.154572 5.359666
10.400003 13.467979 5.745776
10.500004 -30.475464 4.020956
10.600004 53.513565 6.377747
10.700005 -50.370407 3.675454
10.800005 42.712326 5.534353
10.900005 3.929367 5.457925
11.000006 44.794502 7.331096
11.100006 -21.578407 5.954453
11.200006 -27.633362 4.355034
11.300007 -12.405548 3.556911
11.400007 77.138405 7.060792
11.500008 -2.405472 6.610018
11.600008 -26.067009 5.053969
11.700008 -8.722343 4.397954
11.800009 2.707596 4.317461
11.900009 3.298950 4.268961
12.000010 24.691467 5.241461
12.100010 -12.994118 4.373101
12.200010 1.588402 4.240496
12.300011 3.813820 4.220179
12.400011 35.298538 5.700101
12.500011 -52.375679 2.934588
12.600012 13.258820 3.426218
12.700012 5.352821 3.517961
12.800013 -1.680870 3.270398
12.900013 29.243660 4.507220
13.000013 -33.945885 2.676120
13.100014 50.534477 4.955090
13.200014 -39.328003 2.846371
13.300014 48.428497 5.016948
13.400015 -43.811569 2.691781
13.500015 50.968742 4.990684
13.600016 -51.655540 2.293245
13.700016 0.942574 2.228927
13.800016 28.600197 3.484702
13.900017 23.600540 4.442599
14.000017 10.456543 4.728978
14.100018 -39.393005 2.627931
14.200018 10.992050 3.026222
14.300018 30.365219 4.328079
14.400019 -22.392006 3.055694
14.500019 27.236519 4.207162
14.600019 -62.791939 1.016729
14.700020 23.579903 2.091166
14.800020 6.093750 2.281765
14.900021 15.480919 2.910296
15.000021 -32.459946 1.225999
15.100021 52.234306 3.654967
15.200022 -10.444717 2.983553
15.300022 -24.289055 1.684858
15.400023 44.065971 3.703006
15.500023 -24.484634 2.360738
15.600023 -4.435081 2.037127
15.700024 -4.245911 1.737935
15.800024 -18.023834 0.796898
15.900024 40.955696 2.709222
16.000025 -0.406876 2.560837
16.100025 -49.441414 0.084539
16.200026 47.065468 2.321726
16.300026 -0.853424 2.170529
16.400026 25.062561 3.260626
16.500027 -12.897339 2.491199
16.600027 -34.342079 0.737233
16.700027 43.369942 2.767362
16.800028 -17.468719 1.803740
16.900028 -5.761337 1.443498
17.000029 11.533737 1.923986
17.100029 -2.315063 1.722126
17.200029 -0.395050 1.621308
17.300030 7.867966 1.918768
17.400030 -39.148712 -0.036826
17.500031 31.489258 1.464416
17.600031 -17.798920 0.547114
17.700031 32.248459 2.056702
17.800032 -31.480865 0.459675
17.900032 -34.267426 -1.193996
18.000032 -2.580414 -1.260016
18.100033 70.463409 2.155385
18.200033 5.336990 2.306890
18.300034 -35.967484 0.484301
18.400034 -13.493233 -0.181296
18.500034 36.595345 1.569973
18.600035 -63.923073 -1.548744
18.700035 45.940208 0.712635
18.800035 -14.320145 -0.003212
18.900036 33.538055 1.593992
19.000036 -26.748810 0.244334
19.100037 23.371429 1.345625
19.200037 -24.340668 0.122468
19.300037 -33.950653 -1.500062
19.400038 16.569901 -0.639587
19.500038 45.957260 1.579310
19.600039 -11.441269 0.959283
19.700039 -65.358086 -2.198687
19.800039 77.018471 1.573559
19.900040 -18.393936 0.622725
20.000040 -37.508850 -1.193064
20.100040 12.601433 -0.536183
20.200041 -4.633827 -0.731309
20.300041 -27.757988 -2.018294
20.400042 79.664192 1.871348
20.500042 -60.801315 -1.113064
20.600042 23.292389 0.049100
20.700043 -6.265450 -0.251593
20.800043 -29.749069 -1.656235
20.900043 46.164207 0.620929
21.000044 -30.503693 -0.861196
21.100044 -15.281677 -1.547885
21.200045 9.115257 -1.040117
21.300045 17.983437 -0.134233
21.400045 4.983025 0.109446
21.500046 -75.953178 -3.512584
21.600046 78.651047 0.399970
21.700047 -14.908218 -0.328991
21.800047 -1.644058 -0.391614
21.900047 -9.851685 -0.842093
22.000048 -10.196800 -1.287556
22.100048 0.971527 -1.179980
22.200048 10.595779 -0.619230
22.300049 -21.243515 -1.601339
22.400049 18.629036 -0.637988
22.500050 -22.723160 -1.689663
22.600050 23.654747 -0.482786
22.700050 19.047775 0.447241
22.800051 -46.270142 -1.777397
22.900051 -31.967316 -3.215012
23.000051 83.203735 0.900166
23.100052 -23.761139 -0.274181
23.200052 -61.668053 -3.197699
23.300053 37.695274 -1.250415
23.400053 12.623062 -0.589773
23.500053 -0.741959 -0.597020
23.600054 -19.468384 -1.495657
23.700054 11.421967 -0.880532
23.800055 -4.206085 -1.038892
23.900055 -3.105812 -1.137316
24.000055 -8.675842 -1.496294
24.100056 -24.876404 -2.609632
24.200056 52.852364 0.031415
24.300056 -25.698471 -1.193818
24.400057 19.716682 -0.198080
24.500057 -52.391052 -2.683459
24.600058 -1.165009 -2.611152
24.700058 66.841354 0.696110
24.800058 -45.934181 -1.524380
24.900059 -38.627930 -3.291216
25.000059 10.775642 -2.621366
25.100060 39.089355 -0.635141
25.200060 -35.554008 -2.297944
25.300060 17.339745 -1.362816
25.400061 -23.617210 -2.422549
25.500061 2.941437 -2.167122
25.600061 -0.916901 -2.107587
25.700062 5.144768 -1.762237
25.800062 -17.716942 -2.521985
25.900063 3.665810 -2.227328
26.000063 -14.204941 -2.797691
26.100063 24.594879 -1.493283
26.200064 -0.965881 -1.468168
26.300064 13.212166 -0.769105
26.400064 -7.646332 -1.096592
26.500065 -18.682404 -1.934012
26.600065 24.484520 -0.675986
26.700066 -57.284355 -3.371623
26.800066 54.581528 -0.611949
26.900066 -36.760139 -2.333292
27.000067 34.464035 -0.581038
27.100067 -31.127281 -2.035621
27.200068 4.578094 -1.720682
27.300068 32.247467 -0.103151
27.400068 -37.659721 -1.891560
27.500069 36.273308 -0.074185
27.600069 -23.213539 -1.176059
27.700069 6.876907 -0.792585
27.800070 -40.253868 -2.671694
27.900070 22.759705 -1.460675
28.000071 -25.723877 -2.616066
28.100071 -20.516853 -3.468484
28.200071 51.982193 -0.827976
28.300072 -0.537949 -0.814165
28.400072 -1.918030 -0.866730
28.500072 9.478340 -0.374108
28.600073 8.221550 0.035209
28.700073 -9.366264 -0.412480
28.800074 26.514626 0.869763
28.900074 -39.094963 -1.033319
29.000074 -12.757568 -1.591617
29.100075 -1.879158 -1.605309
29.200075 -11.718178 -2.086874
29.300076 8.976326 -1.560055
29.400076 24.209671 -0.332925
29.500076 7.176552 0.024669
29.600077 -0.178947 0.014973
29.700077 -11.533203 -0.534940
29.800077 0.514450 -0.484970
