  0.449690515960080     
 -0.460627531368694     
  -1.36957205018641     
 -0.553632040137717     
  3.641974242893548E-002
 -0.783444916165059     
  -5.04132842367327     
  -3.00725907992791     
   2.35426149972875     
   1.24058209086987     
  0.990879283170857     
  -2.83027472270331     
 -0.202590001053903     
   3.22569570255691     
  3.364705748478802E-002
   5.51860202101323     
   3.80050849196376     
   3.86204239782250     
   4.52777335572063     
   1.60135431645840     
   4.60967677677798     
   3.97932872957930     
   3.66923949517561     
   3.91103703760846     
   4.12714330127302     
   8.85095540244126     
   5.11895320031562     
   9.91612728719488     
   7.12066419350410     
   8.39723258589217     
   11.8926950999805     
   6.10827029995624     
   8.17304470281566     
   6.21053505131024     
   4.59693976128984     
   8.41160152092025     
   8.78346008770790     
   12.8701488451665     
   11.4702501159615     
   16.6996698015327     
   11.2244181548665     
   12.1024919603149     
   18.6289127998454     
   12.5685254710327     
   15.8628245108046     
   16.8265202589690     
   18.9324591128270     
   19.5773450819649     
   17.5763807543883     
   20.2290598793360     
   17.4879932134149     
   15.8511570724410     
   22.8747920275418     
   17.5663251573768     
   22.0965317476898     
   18.5212268445468     
   18.3862866942108     
   18.2503060814264     
   22.1022843010705     
   23.2115333424727     
   25.9119788251884     
   27.9937006468217     
   27.4970212584719     
   26.7234089267750     
   23.7206623117547     
   23.8802775830786     
   29.2782185259291     
   27.3729678554930     
   29.7037467051881     
   28.6540592328587     
   33.0546422370002     
   29.6953273831120     
   30.3297622478986     
   32.4695476576139     
   34.9379371837695     
   35.7431895671964     
   36.2859314095042     
   35.5621186046446     
   36.0375232903735     
   39.7489394144134     
   35.5737048943620     
   37.4415478173859     
   36.8531321838596     
   36.7034313570219     
   36.4052825126585     
   37.5338381608229     
   36.7636286073924     
   43.2117014089908     
   42.1936959429089     
   43.2108996068101     
   46.5783896603894     
   44.9364141193881     
   45.8061823427076     
   43.8939257664748     
   45.8323030419990     
   44.7589839208914     
   47.4949670906207     
   49.4822259109647     
   46.7670046876645     
   48.2860311143342     
   51.5206736599232     
   46.9506657423303     
   49.6193419468201     
   49.6038862071992     
   50.9506832442515     
   47.9031371139883     
   53.2544944255773     
   48.2174547377101     
   52.4886872158853     
   52.8816237865724     
   57.3610736663456     
   55.2032324885113     
   52.4398946278018     
   51.1993402498394     
   58.9131794962950     
   58.6726341951984     
   56.0659346066906     
   55.1936975787691     
   55.4644595833742     
   55.7943526601237     
   58.2635005550761     
   56.9640899987547     
   57.1229268414768     
   57.5043111421730     
   61.0341628788214     
   55.7965980999435     
   57.1224768391852     
   57.6577607141403     
   57.4896744625920     
   60.4140405188146     
   57.0194515284608     
   62.0729006434598     
   58.1400985844135     
   62.9829496725515     
   58.6017931476952     
   63.6986656651702     
   58.5331128923575     
   58.6273697222065     
   61.4873885376546     
   63.8474425092810     
   64.8931003898189     
   60.9537945173490     
   62.0530003297771     
   65.0895212620490     
   62.8503224649737     
   65.5739767900170     
   59.2947800495991     
   61.6527721525062     
   62.2621467463610     
   63.8102364240574     
   60.5642451615876     
   65.7876751396961     
   64.7431985920243     
   62.3142984514756     
   66.7208966968133     
   64.2724273837927     
   63.8289210625718     
   63.4043312864226     
   61.6019492169356     
   65.6975196383701     
   65.6568320173741     
   60.7126871118863     
   65.4192346928824     
   65.3338890692290     
   67.8401488488152     
   66.5504147577705     
   63.1162086305147     
   67.4531975122414     
   65.7063288742372     
   65.1301944812972     
   66.2835728432685     
   66.0520653976720     
   66.0125554754958     
   66.7993563950605     
   62.8844826482308     
   66.0334085193121     
   64.2535203591285     
   67.4783612150530     
   64.3302786453598     
   60.9035330514255     
   60.6454919727283     
   67.6918370824315     
   68.2255306135219     
   64.6287851500630     
   63.2794623200263     
   66.9389933666156     
   60.5466874180959     
   65.1407093704106     
   63.7086959382107     
   67.0625024443472     
   64.3876218851606     
   66.7247603366833     
   64.2906975994041     
   60.8956291442701     
   62.5526189913800     
   67.1483453050213     
   66.0042188362647     
   59.4684093425382     
   67.1702584386559     
   65.3308657416699     
   61.5799792520077     
   62.8401221894366     
   62.3767391906262     
   59.6009394800347     
   67.5673607860087     
   61.4872283231068     
   63.8164670949087     
   63.1899225326438     
   60.2150136638341     
   64.8314373887976     
   61.7810671022258     
   60.2529002997911     
   61.1644249891356     
   62.9627694094771     
   63.4610728300243     
   55.8657519088323     
   63.7308563814181     
   62.2400361297051     
   62.0756318667414     
   61.0904604380936     
   60.0707832874730     
   60.1679348139631     
   61.2275117284881     
   59.1031615950366     
   60.9660630774953     
   58.6937495956653     
   61.0592229464836     
   62.9640016299484     
   58.3369874838606     
   55.1402539177580     
   63.4606271843962     
   61.0845138244693     
   54.9177103609096     
   58.6872360928522     
   59.9495423449977     
   59.8753459645480     
   57.9285101148968     
   59.0707061220139     
   58.6500956828057     
   58.3395171662641     
   57.4719317037221     
   54.9842927507642     
   60.2695280710824     
   57.6996784258281     
   59.6713504212434     
   54.4322418013810     
   54.3157438895261     
   60.9998797368941     
   56.4064601609317     
   52.5436659255675     
   53.6212301296544     
   57.5301647811120     
   53.9747671872788     
   55.7087383971174     
   53.3470208484765     
   53.6411633610368     
   53.5494740111812     
   54.0639512791647     
   52.2922542659032     
   52.6588359454337     
   51.2383409550571     
   53.6978309908095     
   53.6012406175503     
   54.9224585330930     
   54.1578273308950     
   52.2895854637364     
   54.7380358146565     
   49.0096011756441     
   54.4677534499719     
   50.7917401054353     
   54.2381434358241     
   51.1254149797383     
   51.5832256974941     
   54.8079720261887     
   51.0419985144508     
   54.6693322194930     
   52.3479785410195     
   53.0356685213469     
   49.0102821872530     
   51.2862501113350     
   48.7138648279809     
   46.6621786002217     
   51.8603977740256     
   51.8066012911442     
   51.6147976714870     
   52.5626332369242     
   53.3847900668756     
   52.4481612035815     
   55.0996251649562     
   51.1901301331460     
   49.9143718507961     
   49.7264544480464     
   48.5546386759425     
   49.4522722785196     
   51.8732388976901     
   52.5908913400890     
   52.5729985340567     
   51.4196790075572     
   51.4711213867234     
